datapoint26,19.942,5,3.9884
datapoint39,18.6621,4,4.665525
datapoint37,17.5352,5,3.50704
datapoint1,16.852,5,3.3704
datapoint24,19.942,6,3.32366666667
datapoint22,17.5239,9,1.9471
datapoint30,17.5352,4,4.3838
datapoint7,17.5352,5,3.50704
datapoint25,19.942,5,3.9884
datapoint16,17.5352,4,4.3838
datapoint35,18.6621,5,3.73242
datapoint10,17.5338,5,3.50676
datapoint15,17.5352,4,4.3838
datapoint43,19.9146,3,6.6382
datapoint34,18.6418,5,3.72836
datapoint17,17.5155,5,3.5031
datapoint42,15.4897,7,2.21281428571
datapoint0,17.0576,5,3.41152
datapoint5,17.0773,5,3.41546
datapoint36,17.5155,5,3.5031
datapoint11,17.5338,4,4.38345
datapoint19,20.9172,4,5.2293
datapoint20,20.9172,5,4.18344
datapoint3,15.3637,1,15.3637
datapoint4,17.5352,4,4.3838
qSort,101.0682,2,50.5341
datapoint41,18.6418,5,3.72836
datapoint13,17.5155,5,3.5031
datapoint2,17.5155,4,4.378875
datapoint27,19.942,6,3.32366666667
datapoint14,17.5338,5,3.50676
datapoint6,17.5338,5,3.50676
datapoint12,17.5155,5,3.5031
datapoint32,18.6418,5,3.72836
datapoint38,18.6621,4,4.665525
datapoint8,16.5473,5,3.30946
datapoint29,16.4089,12,1.36740833333
datapoint33,18.6418,5,3.72836
datapoint9,17.5338,5,3.50676
datapoint28,16.3714,11,1.48830909091
datapoint23,17.5239,9,1.9471
datapoint31,17.5352,5,3.50704
datapoint18,20.9172,4,5.2293
datapoint21,20.9172,4,5.2293
datapoint40,18.6621,5,3.73242
